100 2 119
98 4 119
96 6 116
94 8 116
92 10 116
90 12 116
88 14 116
86 16 116
84 18 116
82 20 116
80 22 116
78 24 116
76 26 116
74 28 116
72 30 113
70 32 113
68 34 113
66 36 113
64 38 113
62 40 113
60 42 113
58 44 113
56 46 113
54 48 113
52 50 25
50 52 25
48 54 113
46 56 113
44 58 113
42 60 113
40 62 113
38 64 113
36 66 113
34 68 113
32 70 113
30 72 113
28 74 116
26 76 116
24 78 116
22 80 116
20 82 116
18 84 116
16 86 116
14 88 116
12 90 116
10 92 116
8 94 116
6 96 116
4 98 119
2 100 119
50 50 25
49 51 25
48 52 25
47 53 105
46 54 113
45 55 113
44 56 113
43 57 113
42 58 113
41 59 113
40 60 113
39 61 113
38 62 113
37 63 113
36 64 113
35 65 113
34 66 113
33 67 113
32 68 113
31 69 113
30 70 113
29 71 113
28 72 113
27 73 116
26 74 116
25 75 116
24 76 116
23 77 116
22 78 116
21 79 116
20 80 116
19 81 116
18 82 116
17 83 116
16 84 116
15 85 116
14 86 116
13 87 116
12 88 116
11 89 116
10 90 116
9 91 116
8 92 116
7 93 116
6 94 116
5 95 116
4 96 116
3 97 119
2 98 119
1 99 119
10 10 7
20 20 8
30 30 19
40 40 9
50 50 25
60 60 20
70 70 15
80 80 10
90 90 18
100 100 26
100 110 114
110 100 114
200 210 89
210 200 89
300 310 87
310 300 87
400 410 41
410 400 41
500 510 111
510 500 111
600 610 132
610 600 132
700 710 171
710 700 171
800 810 73
810 800 73
900 910 117
910 900 117
1000 1010 143
1010 1000 143
1100 1110 138
1110 1100 138
1200 1210 71
1210 1200 71
1300 1310 177
1310 1300 177
1400 1410 172
1410 1400 172
1500 1510 141
1510 1500 141
1600 1610 167
1610 1600 167
1700 1710 149
1710 1700 149
1800 1810 162
1810 1800 162
1900 1910 131
1910 1900 131
2000 2010 144
2010 2000 144
2100 2110 170
2110 2100 170
2200 2210 170
2210 2200 170
2300 2310 152
2310 2300 152
2400 2410 165
2410 2400 165
2500 2510 134
2510 2500 134
